1140332
1141481
1139896
61998
1138441
61997
8107
1141474
56346
11299
1139202
1139011
12725
5006
1139010
5072
1138673
1138674
1139020
1138996
1139021
12653
5026
6955
7175
1140366
1138392
1139238
1138393
1138398
1138399
1139582
1140610
1139230
55273
3625
4441
4639
12414
4750
6385
3691
1137453
1138402
1138596
1141786
1137961
1137963
1137782
1137962
1137783
1139828
1138982
1142746
1139075
1139014
1137459
1140459
1142748
1140233
21682
10364
1141473
10248
10365
8781
34672
4997
1140133
1140232
1139000
1138354
1138649
7184
7307
9147
1140662
1139898
1136472
1137457
61435
61436
61437
1137241
1138835
1137059
1137242
1138864
1138569
1138567
1139372
61210
1140284
1138070
12821
1136993
1136983
1140305
1140304
10491
8592
57426
1136770
1136969
5681
10898
11212
1136468
7764
62225
61750
62226
61751
61752
61753
2181
2952
1136474
36346
1137295
1138145
1136497
1137373
61812
1138039
1137054
1137055
11665
1137057
1138986
62212
1136492
1136493
1139298
1139306
1139305
1139301
1139300
61241
56843
60954
62224
22707
62082
36136
61201
61363
6929
4566
1136229
36325
61692
62065
60610
35654
57420
1136527
60962
60802
1136957
60964
60959
36335
60953
62064
60495
4242
61725
10757
1137155
57552
57553
61369
56112
60608
60906
61364
61365
60251
60252
61196
61717
61368
60958
12141
8452
8454
61631
60279
1137158
1137159
36320
34667
36229
56703
54174
56672
35118
35758
60843
35121
34703
35757
46677
34679
35754
44946
60410
44947
34659
36221
36222
36223
57506
57507
35623
57421
35763
56926
35755
35172
36220
57418
35759
57419
34673
56924
60224
47542
58669
57698
46618
35123
34675
36224
7046
36279
36211
56912
36457
11117
56837
56679
46172
55279
36017
56031
36278
5487
4637
12937
12960
7910
9687
12922
12856
12865
12873
12854
12779
10991
12866
10993
12868
12857
12859
12861
12862
12822
4050
12810
12797
12798
12800
12801
12795
12784
12772
12774
12765
12766
12599
12600
12305
12306
12317
4842
12017
12005
12004
12000
11960
11953
11949
11957
11955
11959
11942
11943
11886
11932
11933
11910
11891
11855
11854
11852
11849
11850
11861
11868
11841
11818
6393
11807
11808
11798
11790
11778
11779
11730
11676
11331
11259
11185
11199
11186
11135
11133
11134
11021
10994
11016
11015
10967
10985
10801
4202
8744
10852
10837
10817
10818
10819
10802
10769
10794
10777
10774
10704
10795
10778
10780
10750
10779
10737
10761
10755
10496
10497
10498
10734
10745
10711
10685
10146
10072
10134
10033
10034
10073
10030
10029
10020
10032
10008
9839
1917
1874
3914
9977
9954
9955
9873
9874
9875
9876
9851
9852
9853
9854
9855
9830
9832
9752
9840
9829
9715
9537
9716
9802
9770
9778
9774
9765
9630
9693
9733
9705
9689
8961
2073
7627
7628
8797
8859
8655
8727
4857
5839
8682
8621
8595
8059
8603
8559
8590
8588
8587
2310
8586
8352
8566
8541
8548
8549
8550
8552
8529
8488
8481
8438
7952
8400
8371
8370
8361
8161
8351
8335
8292
7282
7238
7233
7206
5337
7132
2978
7094
7038
6161
7084
7082
7081
7085
7086
7051
7052
7064
3937
7055
3606
7017
6984
5048
5618
5617
6387
6965
6981
6952
6913
6748
6800
6799
6761
6722
6726
6727
6725
6679
6699
6680
6656
6596
6599
5763
5720
5661
2168
5653
5552
5543
5523
5540
5506
5513
5508
5509
5510
5500
5501
5485
5486
5452
5448
5411
5391
5383
5303
5355
5357
5346
5338
5340
5306
5227
5234
3268
5036
5161
5190
5184
5001
5186
5164
5167
5116
5037
4271
4272
4214
4217
4162
4151
4130
4118
4112
4095
4064
4062
3083
4060
4051
2262
4033
4023
4014
4016
3848
3850
3852
4002
3986
3977
3979
3967
3968
3969
3970
3945
3946
3931
3913
3909
3904
3899
3880
3886
3874
3887
3819
3174
3076
3037
3033
3001
2984
2880
2983
2919
2896
2872
2867
2868
2852
2399
2498
2406
2829
2824
2805
2806
2783
2219
2768
2488
2752
2739
2728
2715
2710
2708
2700
2701
2691
2681
2672
2675
2667
2666
2660
2661
2657
2592
1747
1614
1512
1471
1487
1474
1470
1440
1435
203
1418
1414
1412
1394
1384
1380
1365
1356
1354
1323
1324
1297
1299
1290
1276
1259
1260
1237
1190
1187
1176
1167
1158
1154
1151
1126
1113
1118
1111
1105
1098
1084
1086
1082
1069
1061
